0 -1.504956e+00 9.538424e-02 3.842425e-02
1 6.065683e-01 1.849086e+00 1.339922e+00
2 1.806747e-03 1.800827e+00 1.349665e+00
3 1.241006e-01 3.014024e-01 3.719834e-01
4 1.197926e+01 3.170586e-02 3.783226e-02
5 2.293380e+00 9.276137e-01 9.132946e-01
6 2.392695e+00 1.022797e+00 9.073691e-01
7 -3.804868e-01 1.860268e-01 2.295695e-01
8 1.998284e+00 9.025180e-02 3.900003e-02
9 -1.393988e+00 1.419852e+00 7.895087e-01
10 -1.175168e+00 1.132785e+00 8.037757e-01
11 1.659533e-01 1.532428e-01 1.858373e-01
12 5.122830e-01 2.983040e-02 6.642687e-02
13 -1.806631e-01 2.168476e-01 3.197678e-01
14 -1.601285e-01 1.510877e-01 1.429319e-01
15 3.818200e-01 5.004144e-02 3.525370e-02
16 -7.378802e-01 7.847261e-02 3.148563e-01
17 -1.696831e+00 3.956022e-01 1.483956e+00
18 -5.729913e-01 2.103441e-01 5.643446e-01
#chi2: 1.268535e+02 6.542194e+01 8.598129e+00
