0 -1.534235e+00 7.294250e-02 1.045630e-01
1 8.027962e-01 1.876720e+00 2.105969e+00
2 2.909825e-01 1.838831e+00 1.837961e+00
3 7.128073e-02 3.879992e-01 3.692747e-01
4 1.199918e+01 3.977585e-02 5.384636e-02
5 1.703646e+00 1.197446e+00 8.420386e-01
6 2.016871e+00 1.158730e+00 7.602344e-01
7 -3.453266e-01 1.766256e-01 2.473868e-01
8 1.954636e+00 9.564531e-02 9.374976e-02
9 -8.888324e-01 1.431090e+00 1.382562e+00
10 -7.167421e-01 1.090670e+00 1.200174e+00
11 1.012852e-01 1.994560e-01 1.525075e-01
12 4.771347e-01 9.404674e-02 4.825202e-02
13 -1.304992e-01 2.655188e-01 4.602783e-01
14 -1.264178e-01 1.294212e-01 1.799963e-01
15 4.623145e-01 7.337061e-02 4.453951e-02
16 -6.384202e-01 1.547428e-01 2.333294e-01
17 -1.767838e+00 6.704222e-01 7.616153e-01
18 -6.355799e-01 3.157805e-01 3.016189e-01
#chi2: 1.273296e+02 6.994048e+01 2.041763e+00
