0 -1.304742e+00 1.152769e-01 1.458362e-01
1 2.211681e-01 1.719644e+00 2.464511e+00
2 -1.036696e+00 2.429842e+00 2.083055e+00
3 4.466870e-01 3.052022e-01 6.298508e-01
4 1.190660e+01 1.081724e-01 1.477528e-02
5 -2.904010e-01 3.178334e+00 -2.125626e-01
6 -2.973072e-01 3.640011e+00 -5.224556e-01
7 2.498285e-01 -1.232535e-01 8.543611e-01
8 2.145257e+00 4.958105e-02 1.895814e-01
9 7.457437e-01 7.125735e-02 2.897265e+00
10 1.724176e-01 -5.997351e-02 2.467705e+00
11 -1.194311e-02 3.885646e-01 -2.395630e-03
12 5.131822e-01 2.716434e-02 6.844983e-02
13 -1.940672e-01 4.131731e-01 2.318873e-01
14 -5.062812e-02 1.330182e-01 1.490370e-01
15 7.359988e-01 4.598333e+00 3.509128e-01
16 -1.223453e+00 4.848050e-01 3.505961e-01
17 -3.508412e+00 1.796294e+00 9.005771e-01
18 -9.006280e-01 4.536429e-01 3.823010e-01
#chi2: 6.954850e+02 -3.549304e+01 5.218503e+02
