0 -1.475148e+00 2.294028e-01 1.283066e-01
1 1.483621e+00 1.595404e+00 1.942830e+00
2 9.494270e-01 1.459630e+00 2.056891e+00
3 -1.273334e-02 4.007929e-01 3.148583e-01
4 1.200993e+01 3.542995e-02 5.794048e-02
5 1.984888e+00 8.518094e-01 8.217877e-01
6 2.318580e+00 7.977934e-01 8.148499e-01
7 -4.082340e-01 1.979879e-01 1.701661e-01
8 1.894831e+00 1.824524e-01 4.276061e-02
9 -4.435299e-01 1.271347e+00 1.482295e+00
10 -4.183344e-01 1.022909e+00 1.319468e+00
11 7.995557e-02 2.179715e-01 1.593780e-01
12 5.163701e-01 5.859441e-02 1.725272e-01
13 -6.585705e-01 3.585777e-01 5.633511e-01
14 -2.643324e-01 1.811381e-01 1.306921e-01
15 5.463226e-01 6.029421e-02 1.152114e-01
16 -4.545622e-01 5.170175e-02 4.394965e-01
17 -1.339783e+00 1.001998e-01 1.155500e+00
18 -4.764696e-01 1.273528e-01 3.423385e-01
#chi2: 9.846160e+01 1.069624e+02 4.597282e+00
