0 -1.501485e+00 5.901003e-02 7.291591e-02
1 4.739855e-01 2.273443e+00 1.281037e+00
2 -3.669331e-01 2.442314e+00 1.457467e+00
3 1.999610e-01 3.258168e-01 4.757088e-01
4 1.209784e+01 2.663708e-02 6.398773e-02
5 2.387310e+00 7.704031e-01 1.472924e+00
6 2.416086e+00 9.742062e-01 1.246092e+00
7 -3.740532e-01 2.233575e-01 2.854387e-01
8 1.985420e+00 6.972218e-02 6.063199e-02
9 -2.198182e+00 2.305349e+00 1.397583e-01
10 -1.711737e+00 1.668538e+00 4.988600e-01
11 2.243218e-01 1.054378e-01 2.734994e-01
12 4.894029e-01 4.666635e-02 4.735616e-02
13 -2.597519e-01 2.753983e-01 3.875912e-01
14 -1.300149e-01 1.764370e-01 1.550660e-01
15 3.866740e-01 7.457829e-02 2.538964e-02
16 -1.059721e+00 3.627187e-01 -4.318488e-02
17 -2.954813e+00 1.463456e+00 2.001941e-01
18 -9.579135e-01 5.612963e-01 1.721489e-01
#chi2: 2.326065e+02 2.231930e+02 -5.845398e+00
