0 -1.298697e+00 1.442583e-01 1.021466e-01
1 2.630114e-01 3.398469e-01 1.546435e+00
2 4.164640e-02 2.436326e-01 1.569101e+00
3 6.608192e-02 3.195552e-01 5.682200e-02
4 1.193653e+01 0.000000e+00 6.798363e-02
5 3.188133e+00 -4.004884e-02 1.961724e+00
6 3.243586e+00 5.013347e-02 1.874335e+00
7 -5.262348e-01 3.307064e-01 3.632784e-03
8 1.948386e+00 1.295530e-01 2.794182e-02
9 -2.140243e+00 1.461313e+00 1.114596e+00
10 -1.757010e+00 1.255994e+00 1.082625e+00
11 2.474349e-01 2.044464e-01 2.061384e-01
12 4.525353e-01 3.378218e-02 3.810272e-02
13 -1.910352e-01 5.407368e-01 -5.901769e-03
14 -2.068580e-01 2.851235e-01 -3.271782e-02
15 3.701674e-01 7.298067e-02 3.548142e-02
16 -7.685846e-01 1.380608e-01 2.621651e-01
17 -1.824272e+00 1.167797e+00 9.828979e-01
18 -8.004564e-01 6.597216e-01 4.196373e-01
#chi2: 1.313003e+02 1.778111e+01 2.576015e+01
