0 -1.357278e+00 1.600767e-01 9.610415e-02
1 1.385258e-01 2.126745e+00 1.008417e+00
2 -2.295319e-01 2.000088e+00 1.226670e+00
3 1.565769e-01 2.838823e-01 3.838168e-01
4 1.196766e+01 5.029106e-02 2.708817e-02
5 2.230701e+00 9.540110e-01 7.120647e-01
6 2.358881e+00 1.020279e+00 6.987997e-01
7 -3.736004e-01 1.507963e-01 2.287953e-01
8 2.025043e+00 6.907463e-02 5.939698e-02
9 -1.364907e+00 1.229768e+00 1.079465e+00
10 -1.174364e+00 1.036291e+00 1.063339e+00
11 1.665663e-01 1.707873e-01 1.850844e-01
12 5.204741e-01 1.781535e-02 7.631531e-02
13 -1.346026e-01 1.447708e-01 3.399487e-01
14 -1.605413e-01 1.325761e-01 1.261823e-01
15 3.512605e-01 8.070821e-02 1.006722e-02
16 -7.288397e-01 4.723227e-02 3.445756e-01
17 -1.763953e+00 3.660223e-01 1.520714e+00
18 -6.393729e-01 2.859215e-01 5.258855e-01
#chi2: 9.964420e+01 6.667604e+01 3.974770e+00
