0 -1.462979e+00 7.137287e-02 9.708309e-02
1 1.752646e-01 1.538944e+00 2.474147e+00
2 -1.278925e+00 2.281408e+00 1.847208e+00
3 5.146600e-01 2.627324e-01 6.392089e-01
4 1.191757e+01 9.123993e-02 3.614235e-02
5 -6.332282e-01 3.626872e+00 -2.264400e-01
6 -7.264516e-01 4.069919e+00 -6.872591e-01
7 3.576970e-01 -1.462681e-01 9.300040e-01
8 2.139428e+00 5.478978e-02 1.716886e-01
9 6.932327e-01 -1.355783e-01 3.080870e+00
10 1.309254e-01 -2.374478e-01 2.420079e+00
11 -5.868614e-03 4.138523e-01 -1.898690e-02
12 5.037088e-01 3.391987e-02 5.589318e-02
13 -1.854826e-01 5.046287e-01 1.565851e-01
14 -2.902694e-02 1.506390e-01 1.577294e-01
15 7.391349e-01 1.959017e+01 3.682836e-01
16 -1.173729e+00 4.432459e-01 5.945376e-01
17 -3.373127e+00 1.766467e+00 1.415302e+00
18 -8.829730e-01 4.961614e-01 6.188484e-01
#chi2: 5.854727e+02 -2.451849e+01 3.776360e+02
