0 -1.467207e+00 1.176407e-01 3.151810e-02
1 2.607157e-01 4.128085e-01 1.832188e+00
2 -7.397006e-02 2.144838e-01 1.682432e+00
3 8.962537e-02 3.328689e-01 4.325558e-02
4 1.194972e+01 -1.842308e-02 9.837818e-02
5 3.250059e+00 -4.806929e-01 2.323436e+00
6 3.262077e+00 -3.318014e-01 2.130028e+00
7 -5.225555e-01 4.456950e-01 -5.137151e-02
8 1.928164e+00 1.865350e-01 -1.513481e-03
9 -2.288717e+00 1.625015e+00 9.108698e-01
10 -1.835128e+00 1.276241e+00 9.944811e-01
11 2.571851e-01 1.865661e-01 2.013322e-01
12 4.521038e-01 3.275621e-02 4.003713e-02
13 -1.118217e-01 5.582257e-01 5.235844e-02
14 -1.778649e-01 2.907639e-01 3.431231e-03
15 3.766688e-01 7.877722e-02 3.477502e-02
16 -7.136549e-01 8.105057e-02 5.648116e-01
17 -1.581255e+00 1.143898e+00 1.368125e+00
18 -7.490898e-01 6.328942e-01 4.334323e-01
#chi2: 1.758213e+02 6.726028e+00 3.038333e+01
