0 -1.480254e+00 6.961656e-02 5.661738e-02
1 6.928548e-01 1.788325e+00 1.549420e+00
2 4.229977e-02 1.799213e+00 1.386277e+00
3 1.212293e-01 3.099437e-01 3.678429e-01
4 1.200397e+01 4.748249e-02 2.955055e-02
5 2.219731e+00 1.103015e+00 8.432506e-01
6 2.298954e+00 1.131942e+00 8.268074e-01
7 -3.629536e-01 1.854924e-01 2.450249e-01
8 2.040593e+00 5.064011e-02 7.496119e-02
9 -1.276408e+00 1.212838e+00 1.156674e+00
10 -1.081835e+00 1.062213e+00 1.064864e+00
11 1.466386e-01 1.660956e-01 1.693628e-01
12 4.995581e-01 3.267980e-02 5.676857e-02
13 -2.186787e-01 2.368720e-01 3.262937e-01
14 -1.679425e-01 1.494931e-01 1.325065e-01
15 3.496195e-01 7.306194e-02 1.748791e-02
16 -8.476385e-01 1.560286e-01 2.279590e-01
17 -2.115414e+00 6.998162e-01 1.133408e+00
18 -6.638141e-01 2.960548e-01 4.969499e-01
#chi2: 1.346266e+02 7.933604e+01 9.609138e+00
