0 -1.563295e+00 1.009388e-01 1.138661e-01
1 9.461709e-01 1.726261e+00 1.783979e+00
2 4.463579e-01 1.750742e+00 2.005334e+00
3 4.539610e-02 4.158424e-01 3.545767e-01
4 1.204772e+01 1.741695e-02 7.006931e-02
5 2.066149e+00 7.226307e-01 1.202977e+00
6 2.279880e+00 7.978630e-01 1.029331e+00
7 -3.879347e-01 2.425882e-01 1.920544e-01
8 1.924785e+00 1.180617e-01 7.959080e-02
9 -1.127001e+00 1.560395e+00 1.159284e+00
10 -8.528359e-01 1.240165e+00 1.055879e+00
11 1.182684e-01 1.925711e-01 1.882228e-01
12 4.810633e-01 1.010402e-01 4.464960e-02
13 -2.350385e-01 3.392307e-01 4.277776e-01
14 -1.623977e-01 1.458351e-01 1.723290e-01
15 4.450808e-01 8.832389e-02 3.292605e-02
16 -5.948953e-01 1.749240e-01 2.650156e-01
17 -1.673542e+00 5.976894e-01 9.165131e-01
18 -6.115995e-01 3.251044e-01 3.389156e-01
#chi2: 1.289573e+02 8.298451e+01 9.867630e-01
