0 -1.357971e+00 1.355257e-01 1.174805e-01
1 4.981968e-01 2.173605e+00 1.386425e+00
2 -1.342910e-01 2.179909e+00 1.620888e+00
3 1.364175e-01 3.830296e-01 4.247418e-01
4 1.210707e+01 2.234459e-02 7.755661e-02
5 2.762232e+00 5.049758e-01 1.698027e+00
6 2.803960e+00 6.783800e-01 1.550580e+00
7 -4.589002e-01 2.979110e-01 2.203311e-01
8 1.962022e+00 9.105146e-02 3.890407e-02
9 -2.348383e+00 2.631350e+00 -4.895711e-02
10 -1.788804e+00 1.951345e+00 2.060266e-01
11 2.307468e-01 1.139545e-01 3.033245e-01
12 4.990736e-01 3.338656e-02 6.137091e-02
13 -2.738024e-01 2.502836e-01 3.554024e-01
14 -1.505512e-01 1.721072e-01 1.465009e-01
15 3.864488e-01 8.480945e-02 2.198967e-02
16 -9.379575e-01 2.203482e-01 1.601974e-01
17 -2.446617e+00 9.258828e-01 8.596735e-01
18 -8.279667e-01 4.218077e-01 3.330870e-01
#chi2: 2.344931e+02 2.265400e+02 1.820978e+01
