0 -1.426837e+00 1.720725e-01 1.628914e-01
1 1.880334e+00 1.190136e+00 2.330052e+00
2 1.276743e+00 1.158106e+00 2.087336e+00
3 -7.169292e-02 4.667230e-01 2.591693e-01
4 1.202569e+01 3.894234e-02 4.916573e-02
5 2.114351e+00 6.539702e-01 9.484580e-01
6 2.445847e+00 6.065454e-01 9.576831e-01
7 -4.372679e-01 2.299162e-01 1.429509e-01
8 1.949500e+00 1.236585e-01 9.552336e-02
9 -2.732798e-01 1.065747e+00 1.895921e+00
10 -2.986790e-01 9.502205e-01 1.558936e+00
11 5.856508e-02 2.440780e-01 1.549316e-01
12 4.898324e-01 9.723261e-02 1.254915e-01
13 -7.578906e-01 4.016748e-01 6.329848e-01
14 -2.835869e-01 1.821781e-01 1.399929e-01
15 5.172053e-01 7.615602e-02 9.770796e-02
16 -5.446223e-01 1.232728e-01 3.577284e-01
17 -1.664522e+00 4.259913e-01 8.909563e-01
18 -5.623000e-01 2.191499e-01 2.622456e-01
#chi2: 9.933151e+01 1.125671e+02 1.965927e+00
